router ckpt=out/bdh_europarl_ladRA2b-lt_last.pt | routes=[8192, 10240, 12288, 14336, 16384, 18432, 20480, 22528, 24576, 26624, 28672, 30720, 32768, 34816, 36864, 38912, 40960, 43008, 45056, 47104] n/head | window=128 tok | 40 crops/domain

confusion (rows=true domain, cols=routed prefix width):
               8192    10240    12288    14336    16384    18432    20480    22528    24576    26624    28672    30720    32768    34816    36864    38912    40960    43008    45056    47104
       bg         0        0        0        0        0        0        0        0        0        0       40        0        0        0        0        0        0        0        0        0
       cs         0        0        0        0        0       40        0        0        0        0        0        0        0        0        0        0        0        0        0        0
       da         0        0        0        0        0        0       40        0        0        0        0        0        0        0        0        0        0        0        0        0
       de         0        0        0        0       40        0        0        0        0        0        0        0        0        0        0        0        0        0        0        0
       el         0        0        0        0        0        0        0        0        0        0        0        0        0       40        0        0        0        0        0        0
       en        40        0        0        0        0        0        0        0        0        0        0        0        0        0        0        0        0        0        0        0
       es         0       40        0        0        0        0        0        0        0        0        0        0        0        0        0        0        0        0        0        0
       et         0        0        0        0        0        0        0        0        0        0        0        0       40        0        0        0        0        0        0        0
       fi         0        0        0        0        0        0        0        0       40        0        0        0        0        0        0        0        0        0        0        0
       fr         0        0        0       40        0        0        0        0        0        0        0        0        0        0        0        0        0        0        0        0
       hu         0        0        0        0        0        0        0        0        0       40        0        0        0        0        0        0        0        0        0        0
       it         0        0        0        0        0        0        0        0        0        0        0       40        0        0        0        0        0        0        0        0
       lt         0        0        0        0        0        0        0        0        0        0        0        0        0        0        0        0        0        0        0       40
       nl         0        0        0        0        0        0        0        0        0        0        0        0        0        0        0        0        0       40        0        0
       pl         0        0       40        0        0        0        0        0        0        0        0        0        0        0        0        0        0        0        0        0
       pt         0        0        0        0        0        0        0       40        0        0        0        0        0        0        0        0        0        0        0        0
       ro         0        0        0        0        0        0        0        0        0        0        0        0        0        0        0        0       40        0        0        0
       sk         0        0        0        0        0        0        0        0        0        0        0        0        0        0       40        0        0        0        0        0
       sl         0        0        0        0        0        0        0        0        0        0        0        0        0        0        0        0        0        0       40        0
       sv         0        0        0        0        0        0        0        0        0        0        0        0        0        0        0       40        0        0        0        0

   domain   routed
       bg     6.24
       cs     3.63
       da     2.95
       de     2.88
       el     6.47
       en     2.36
       es     2.51
       et     3.43
       fi     3.11
       fr     2.41
       hu     3.11
       it     2.98
       lt     4.04
       nl     3.10
       pl     3.17
       pt     2.87
       ro     3.51
       sk     3.85
       sl     3.71
       sv     3.08

joint full-width reference: ppl 36.70  (served positions only)
